H DEF2TZVP
S   3
1        34.0613410              0.60251978E-02
2         5.1235746              0.45021094E-01
3         1.1646626              0.20189726
S   1
1         0.32723041             1.0000000
S   1
1         0.10307241             1.0000000
P   1
1         1.40700000             1.0000000
P   1
1         0.38800000             1.0000000
D   1
1         1.05700000             1.0000000

C DEF2TZVP
S   6
1     13575.3496820              0.22245814352E-03
2      2035.2333680              0.17232738252E-02
3       463.22562359             0.89255715314E-02
4       131.20019598             0.35727984502E-01
5        42.853015891            0.11076259931
6        15.584185766            0.24295627626
S   2
1         6.2067138508           0.41440263448
2         2.5764896527           0.23744968655
S   1
1         0.57696339419          1.0000000
S   1
1         0.22972831358          1.0000000
S   1
1         0.95164440028E-01      1.0000000
P   4
1        34.697232244            0.53333657805E-02
2         7.9582622826           0.35864109092E-01
3         2.3780826883           0.14215873329
4         0.81433208183          0.34270471845
P   1
1         0.28887547253           .46445822433
P   1
1         0.10056823671           .24955789874
D   1
1         1.09700000             1.0000000
D   1
1         0.31800000             1.0000000
F   1
1         0.76100000             1.0000000

N DEF2TZVP
S   6
1     19730.8006470              0.21887984991E-03
2      2957.8958745              0.16960708803E-02
3       673.22133595             0.87954603538E-02
4       190.68249494             0.35359382605E-01
5        62.295441898            0.11095789217
6        22.654161182            0.24982972552
S   2
1         8.9791477428           0.40623896148
2         3.6863002370           0.24338217176
S   1
1         0.84660076805          1.0000000
S   1
1         0.33647133771          1.0000000
S   1
1         0.13647653675          1.0000000
P   4
1        49.200380510            0.55552416751E-02
2        11.346790537            0.38052379723E-01
3         3.4273972411           0.14953671029
4         1.1785525134           0.34949305230
P   1
1         0.41642204972           .45843153697
P   1
1         0.14260826011           .24428771672
D   1
1         1.65400000             1.0000000
D   1
1         0.46900000             1.0000000
F   1
1         1.09300000             1.0000000

O DEF2TZVP
S   6
1     27032.3826310              0.21726302465E-03
2      4052.3871392              0.16838662199E-02
3       922.32722710             0.87395616265E-02
4       261.24070989             0.35239968808E-01
5        85.354641351            0.11153519115
6        31.035035245            0.25588953961
S   2
1        12.260860728            0.39768730901
2         4.9987076005           0.24627849430
S   1
1         1.1703108158           1.0000000
S   1
1         0.46474740994          1.0000000
S   1
1         0.18504536357          1.0000000
P   4
1        63.274954801            0.60685103418E-02
2        14.627049379            0.41912575824E-01
3         4.4501223456           0.16153841088
4         1.5275799647           0.35706951311
P   1
1         0.52935117943           .44794207502
P   1
1         0.17478421270           .24446069663
D   1
1         2.31400000             1.0000000
D   1
1         0.64500000             1.0000000
F   1
1         1.42800000             1.0000000
