H auxdef21
S   1
1         9.33521609              .64609379
S   1
1         1.86110704             1.37005241
S   1
1          .59512466             1.0000000
S   1
1          .26448099             1.0000000
P   2
1         2.45249821              .13284956
2         1.35403830             1.45276215
P   1
1          .59522394             1.0000000
D   2
1         1.58163766             1.49367397
2          .62743960             -.01070690

C auxdef21
S   1
1       281.47693316              .48911748
S   1
1        59.86260691             1.52506644
S   1
1        23.28284492              .53278071
S   1
1         9.43365439             1.0000000
S   1
1         3.31157947             1.0000000
S   1
1         1.07438579             1.0000000
S   1
1          .40591700             1.0000000
S   1
1          .20682782             1.0000000
P   1
1        24.79432276             1.27505829
P   1
1         6.37908678             1.30659648
P   1
1         2.73619827             1.0000000
P   1
1         1.13180785             1.0000000
P   1
1          .49171280             1.0000000
P   1
1          .23760591             1.0000000
D   2
1         9.06768796              .47011119
2         3.41167689             1.34112442
D   1
1         1.41501615             1.0000000
D   1
1          .58793486             1.0000000
D   1
1          .25753087             1.0000000
F   1
1         2.38701735              .79093613
F   1
1         1.16067992             1.39179984
F   1
1          .55289817              .10532469
G   1
1         1.22884707             1.0000000

N auxdef21
S   1
1       291.18394257              .56533084
S   1
1        62.03053238             1.37490932
S   1
1        21.98113229              .28294012
S   1
1         9.06711534             1.0000000
S   1
1         3.60654848             1.0000000
S   1
1         1.37284474             1.0000000
S   1
1          .63709085             1.0000000
S   1
1          .26907231             1.0000000
P   1
1        34.12169197             1.03739350
P   1
1         8.66927085              .98879118
P   1
1         3.96958444             1.0000000
P   1
1         1.67569027             1.0000000
P   1
1          .69769401             1.0000000
P   1
1          .33582544             1.0000000
D   2
1        12.72717340              .53636257
2         5.02916611             1.31247449
D   1
1         2.09125025             1.0000000
D   1
1          .85902043             1.0000000
D   1
1          .35068479             1.0000000
F   1
1         3.46865369              .90354051
F   1
1         1.66865042             1.65562725
F   1
1          .80947600              .24984638
G   1
1         1.78131415             1.0000000

O auxdef21
S   1
1       364.91291000              .58060340
S   1
1        77.38709400             1.40179846
S   1
1        24.30170600              .34994600
S   1
1         8.43695450             1.0000000
S   1
1         3.15279410             1.0000000
S   1
1         1.57754300             1.0000000
S   1
1          .78178244             1.0000000
S   1
1          .31652679             1.0000000
P   1
1        56.73594800             1.04911649
P   1
1        14.99721700             1.13960439
P   1
1         5.64281160             1.0000000
P   1
1         2.40692198             1.0000000
P   1
1         1.02640596             1.0000000
P   1
1          .43769977             1.0000000
D   2
1        12.44682100             1.14971821
2         6.12169170              .95355196
D   1
1         2.71029490             1.0000000
D   1
1         1.15240610             1.0000000
D   1
1          .41386174             1.0000000
F   1
1         4.77935390              .36170900
F   1
1         2.32046420             1.78111990
F   1
1         1.09128040              .45330353
G   1
1         2.33831070             1.0000000

F auxdef21
S   1
1       423.09461295              .76390649
S   1
1        94.25656621             1.36572654
S   1
1        32.83700743              .46102666
S   1
1        11.82804368             1.0000000
S   1
1         4.57669070             1.0000000
S   1
1         2.03364328             1.0000000
S   1
1          .98129033             1.0000000
S   1
1          .39644813             1.0000000
P   1
1        53.94494177             1.59714200
P   1
1        14.01875386             1.12931208
P   1
1         4.90086412             1.0000000
P   1
1         2.53312778             1.0000000
P   1
1         1.17650888             1.0000000
P   1
1          .52636887             1.0000000
D   2
1        25.04696132              .59910575
2         9.58418954             1.00663766
D   1
1         3.48946293             1.0000000
D   1
1         1.58103228             1.0000000
D   1
1          .50968658             1.0000000
F   1
1         6.51676748              .17116274
F   1
1         3.08300338             1.44883740
F   1
1         1.43439592              .43282911
G   1
1         3.12578867             1.0000000

S auxdef21
S   2
1       345.09162253             1.48919937
2       117.44227934              .17581282
S   1
1        42.00376580            -1.09169378
S   1
1        15.18206785             1.0000000
S   1
1         8.82172115             1.0000000
S   1
1         4.68599401             1.0000000
S   1
1         2.06400626             1.0000000
S   1
1          .93603209             1.0000000
S   1
1          .38913549             1.0000000
S   1
1          .19781082             1.0000000
P   1
1        96.68392766             -.79923793
P   1
1        15.06750080             1.54346023
P   1
1         7.53375044              .43808368
P   1
1         2.62578939             1.0000000
P   1
1         1.17330564             1.0000000
P   1
1          .63125153             1.0000000
P   1
1          .32454873             1.0000000
D   2
1        61.87847923             1.07123562
2        20.17096523             1.70422469
D   1
1         6.14786234              .55602682
D   1
1         3.23802524             1.0000000
D   1
1         1.11538470             1.0000000
D   1
1          .60336661             1.0000000
D   1
1          .24224219             1.0000000
F   1
1        11.302730326            1.0000000
F   1
1         4.9503455707           1.0000000
F   1
1         1.8154279285           1.0000000
F   1
1         1.0290097097           1.0000000
F   1
1         0.48920031399          1.0000000
G   1
1         2.9569474559           1.0000000
G   1
1         0.86383824993          1.0000000

CL auxdef21
S   2
1       385.89005709             1.48825989
2       130.70883193             -.17009471
S   1
1        46.53749429             -.73044381
S   1
1        17.24640258             1.0000000
S   1
1         9.27291906             1.0000000
S   1
1         5.01917584             1.0000000
S   1
1         2.34352355             1.0000000
S   1
1         1.15830222             1.0000000
S   1
1          .56062866             1.0000000
S   1
1          .26445562             1.0000000
P   1
1        97.85776348             -.75584284
P   1
1        17.00509146             1.59383591
P   1
1        10.00299497              .27403007
P   1
1         3.12161431            -8.01712910
P   1
1         1.38917704             1.0000000
P   1
1          .81716296             1.0000000
P   1
1          .36897742             1.0000000
D   2
1        72.64014563              .69836327
2        23.83957402              .98150402
D   1
1         7.41751454              .36971355
D   1
1         4.09677307             1.11137938
D   1
1         1.37427303             1.0000000
D   1
1          .76852231             1.0000000
D   1
1          .29102728             1.0000000
F   1
1        13.334635630            1.0000000
F   1
1         5.1060775290           1.0000000
F   1
1         2.0068485693           1.0000000
F   1
1         1.2815228635           1.0000000
F   1
1         0.59658382256          1.0000000
G   1
1         3.6953007741           1.0000000
G   1
1         1.0946908098           1.0000000

SE auxdef21
S   1
1        88.95366100             1.0000000
S   1
1        39.13617000             1.0000000
S   1
1        16.88057100             1.0000000
S   1
1         6.76203200             1.0000000
S   1
1         4.79770010             1.0000000
S   1
1         2.07797730             1.0000000
S   1
1          .57258705             1.0000000
S   1
1          .36861789             1.0000000
S   1
1          .19814574             1.0000000
S   1
1          .10449039             1.0000000
P   1
1        52.36678900             1.0000000
P   1
1        31.90920200             1.0000000
P   1
1         8.43609190             1.0000000
P   1
1         3.83263960             1.0000000
P   1
1         1.70513080             1.0000000
P   1
1         1.00255520             1.0000000
P   1
1          .52296061             1.0000000
P   1
1          .27160705             1.0000000
P   1
1          .09595807             1.0000000
D   1
1       111.37879000             1.0000000
D   1
1        41.34288900             1.0000000
D   1
1        10.08701900             1.0000000
D   1
1         3.46986870             1.0000000
D   1
1         1.33963180             1.0000000
D   1
1          .76154142             1.0000000
D   1
1          .49294005             1.0000000
D   1
1          .20587338             1.0000000
F   2
1        98.67863700             -.40633906
2        12.08261000             1.00454950
F   1
1         2.73267160             1.0000000
F   1
1         1.49264610             1.0000000
F   1
1          .71106020             1.0000000
F   1
1          .33015467             1.0000000
G   1
1        24.83552800             1.0000000
G   1
1         8.05276810             1.0000000
G   1
1         2.95981490             1.0000000
G   1
1          .76283655             1.0000000
H   1
1         1.99370380             1.0000000

BR auxdef21
S   1
1        95.83565078             1.0000000
S   1
1        42.83378101             1.0000000
S   1
1        17.75231490             1.0000000
S   1
1         7.67356066             1.0000000
S   1
1         5.18486161             1.0000000
S   1
1         2.33638114             1.0000000
S   1
1          .69883249             1.0000000
S   1
1          .40812678             1.0000000
S   1
1          .19922296             1.0000000
S   1
1          .09914857             1.0000000
P   1
1        51.71658277             1.0000000
P   1
1        32.32286419             1.0000000
P   1
1         9.09848855             1.0000000
P   1
1         4.11064989             1.0000000
P   1
1         1.84014548             1.0000000
P   1
1         1.16760356             1.0000000
P   1
1          .63639976             1.0000000
P   1
1          .32265619             1.0000000
P   1
1          .09025280             1.0000000
D   1
1       125.68208277             1.0000000
D   1
1        43.69204236             1.0000000
D   1
1        11.11666744             1.0000000
D   1
1         3.81631933             1.0000000
D   1
1         1.54688560             1.0000000
D   1
1          .86873900             1.0000000
D   1
1          .56452603             1.0000000
D   1
1          .23087582             1.0000000
F   2
1       103.32685318             -.53239629
2        13.29052387             1.28358500
F   1
1         3.19472597             1.0000000
F   1
1         1.72183930             1.0000000
F   1
1          .84306755             1.0000000
F   1
1          .39193927             1.0000000
G   1
1        27.21759449             1.0000000
G   1
1         8.75930726             1.0000000
G   1
1         3.46896896             1.0000000
G   1
1          .89030648             1.0000000
H   1
1         2.35538758             1.0000000

TE auxdef21
S   1
1        19.5695                 1.0000000
S   1
1        12.2178                 1.0000000
S   1
1         8.78938                1.0000000
S   1
1         5.24585                1.0000000
S   1
1         2.50029                1.0000000
S   1
1         1.10572                1.0000000
S   1
1         0.535108               1.0000000
S   1
1         0.222392               1.0000000
S   1
1         0.127307               1.0000000
P   1
1        11.4423                 1.0000000
P   1
1         9.37137                1.0000000
P   1
1         5.73933                1.0000000
P   1
1         2.29774                1.0000000
P   1
1         1.45651                1.0000000
P   1
1         0.535616               1.0000000
P   1
1         0.358965               1.0000000
P   1
1         0.19608                1.0000000
D   1
1        19.738                  1.0000000
D   1
1        10.6859                 1.0000000
D   1
1         4.71851                1.0000000
D   1
1         2.70353                1.0000000
D   1
1         1.17369                1.0000000
D   1
1         0.613205               1.0000000
D   1
1         0.346479               1.0000000
D   1
1         0.144392               1.0000000
F   1
1        11.6969                 1.0000000
F   1
1         5.43947                1.0000000
F   1
1         2.92138                1.0000000
F   1
1         1.54884                1.0000000
F   1
1         0.661474               1.0000000
F   1
1         0.301639               1.0000000
G   1
1         7.64542                1.0000000
G   1
1         3.7079                 1.0000000
G   1
1         1.63669                1.0000000
G   1
1         0.585258               1.0000000
H   1
1         5.53584                1.0000000
H   1
1         3.10074                1.0000000
H   1
1         1.12162                1.0000000

I auxdef21
S   1
1        19.8451                 1.0000000
S   1
1        12.5176                 1.0000000
S   1
1         9.24437                1.0000000
S   1
1         5.69143                1.0000000
S   1
1         2.86381                1.0000000
S   1
1         1.24767                1.0000000
S   1
1         0.602348               1.0000000
S   1
1         0.26316                1.0000000
S   1
1         0.146387               1.0000000
P   1
1        12.1058                 1.0000000
P   1
1         9.73304                1.0000000
P   1
1         6.07905                1.0000000
P   1
1         2.67545                1.0000000
P   1
1         1.44754                1.0000000
P   1
1         0.617354               1.0000000
P   1
1         0.421918               1.0000000
P   1
1         0.223919               1.0000000
D   1
1        20.5193                 1.0000000
D   1
1        11.0548                 1.0000000
D   1
1         5.0153                 1.0000000
D   1
1         3.10325                1.0000000
D   1
1         1.28861                1.0000000
D   1
1         0.69915                1.0000000
D   1
1         0.395482               1.0000000
D   1
1         0.169156               1.0000000
F   1
1        11.8496                 1.0000000
F   1
1         5.48789                1.0000000
F   1
1         3.31488                1.0000000
F   1
1         1.5873                 1.0000000
F   1
1         0.747271               1.0000000
F   1
1         0.326638               1.0000000
G   1
1         8.68295                1.0000000
G   1
1         4.2218                 1.0000000
G   1
1         1.90107                1.0000000
G   1
1         0.677187               1.0000000
H   1
1         5.64769                1.0000000
H   1
1         3.36501                1.0000000
H   1
1         1.27087                1.0000000

W auxdef21
S   1
1         5.45793                1.0000000
S   1
1         3.2875                 1.0000000
S   1
1         2.10191                1.0000000
S   1
1         1.46637                1.0000000
S   1
1         0.648984               1.0000000
S   1
1         0.364638               1.0000000
S   1
1         0.240043               1.0000000
S   1
1         0.0765322              1.0000000
P   1
1         7.52833                1.0000000
P   1
1         4.02778                1.0000000
P   1
1         2.77252                1.0000000
P   1
1         1.77492                1.0000000
P   1
1         0.850782               1.0000000
P   1
1         0.461448               1.0000000
P   1
1         0.305117               1.0000000
P   1
1         0.119995               1.0000000
D   1
1         7.98211                1.0000000
D   1
1         4.40582                1.0000000
D   1
1         2.38326                1.0000000
D   1
1         1.3453                 1.0000000
D   1
1         0.703132               1.0000000
D   1
1         0.292195               1.0000000
D   1
1         0.142986               1.0000000
F   1
1         5.47356                1.0000000
F   1
1         2.03808                1.0000000
F   1
1         1.06634                1.0000000
F   1
1         0.550241               1.0000000
F   1
1         0.216084               1.0000000
G   1
1         1.51154                1.0000000
G   1
1         0.640068               1.0000000
G   1
1         0.253782               1.0000000
H   1
1         1.23749                1.0000000
H   1
1         0.66091                1.0000000

